////////////////////////////////////////////////////////
/////////////////////LG/////////////////////////////////
////////////////////////////////////////////////////////
9000 4500 562 562 562 1687 (Last 610) Delay 102
ON/OFF LG
0,0,1,0,0,0,0,0,1,1,0,1,1,1,1,1,0,0,0,1,0,0,0,0,1,1,1,0,1,1,1,1
9169, 4457, 609, 518, 609, 518, 608, 1628, 609, 518, 608, 518, 609, 517, 610, 519, 607, 517, 610, 1629, 609, 1628, 609, 517, 608, 1627, 609, 1629, 608, 1629, 609, 1628, 607, 1629, 609, 518, 610, 518, 607, 517, 609, 1628, 607, 518, 608, 517, 608, 517, 609, 518, 607, 1628, 610, 1629, 609, 1628, 609, 517, 609, 1628, 609, 1629, 608, 1630, 609, 1628, 610

VOl UP LG
0,0,1,0,0,0,0,0,1,1,0,1,1,1,1,1,0,1,0,0,0,0,0,0,1,0,1,1,1,1,1,1
9092, 4461, 632, 488, 605, 519, 605, 1629, 603, 517, 605, 518, 602, 519, 631, 491, 603, 519, 631, 1601, 603, 1628, 604, 518, 632, 1602, 658, 1574, 604, 1629, 603, 1630, 604, 1630, 604, 518, 604, 1630, 603, 518, 604, 519, 602, 518, 604, 519, 604, 517, 605, 518, 631, 1601, 603, 518, 603, 1629, 603, 1630, 602, 1630, 603, 1629, 603, 1630, 604, 1629, 603

VOL DOWN LG
0,0,1,0,0,0,0,0,1,1,0,1,1,1,1,1,1,1,0,0,0,0,0,0,0,0,1,1,1,1,1,1
9111, 4459, 606, 517, 605, 518, 606, 1628, 604, 517, 605, 518, 606, 517, 604, 518, 605, 518, 603, 1630, 605, 1629, 605, 518, 604, 1629, 604, 1628, 604, 1630, 603, 1629, 603, 1628, 604, 1629, 604, 1629, 604, 518, 603, 519, 604, 519, 604, 520, 604, 518, 602, 519, 605, 518, 604, 519, 604, 1629, 604, 1630, 604, 1628, 603, 1630, 604, 1630, 605, 1629, 605

////////////////////////////////////////////////////////
/////////////////////SAMSUNG////////////////////////////
////////////////////////////////////////////////////////
4500 4500 615 500 615 1600 (Last 615) Delay 10

ON/OFF SAMSUNG
1,1,1,0,0,0,0,0,1,1,1,0,0,0,0,0,0,1,0,0,0,0,0,0,1,0,1,1,1,1,1,1
4632, 4450, 651, 1591, 622, 1616, 651, 1591, 623, 490, 624, 490, 624, 488, 624, 487, 624, 489, 651, 1589, 624, 1615, 625, 1614, 625, 488, 625, 488, 625, 487, 622, 489, 625, 488, 649, 462, 652, 1590, 651, 462, 625, 487, 623, 488, 650, 462, 651, 459, 650, 463, 626, 1613, 627, 487, 625, 1614, 652, 1590, 622, 1616, 651, 1589, 652, 1588, 650, 1591, 624
4607, 4467, 635, 1605, 636, 1605, 634, 1607, 609, 505, 606, 508, 632, 479, 607, 507, 606, 508, 633, 1605, 637, 1604, 634, 1606, 633, 481, 634, 480, 636, 479, 636, 478, 605, 506, 607, 508, 605, 1633, 635, 478, 631, 483, 606, 507, 634, 481, 607, 507, 632, 482, 633, 1607, 634, 481, 637, 1602, 661, 1578, 634, 1607, 632, 1608, 634, 1606, 634, 1606, 635

VOL UP SAMSUNG
1,1,1,0,0,0,0,0,1,1,1,0,0,0,0,0,1,1,1,0,0,0,0,0,0,0,0,1,1,1,1,1
4656, 4419, 621, 1641, 623, 1589, 570, 1692, 597, 515, 597, 516, 598, 515, 598, 492, 621, 491, 623, 1641, 598, 1638, 596, 1643, 598, 490, 647, 490, 546, 566, 597, 516, 596, 514, 598, 1615, 622, 1615, 619, 1617, 647, 489, 597, 515, 598, 514, 598, 514, 596, 515, 597, 515, 597, 515, 598, 515, 599, 1640, 596, 1639, 596, 1639, 595, 1640, 597, 1640, 596

VOL DOWN SAMSUNG
1,1,1,0,0,0,0,0,1,1,1,0,0,0,0,0,1,1,0,1,0,0,0,0,0,0,1,0,1,1,1,1
4627, 4446, 571, 1690, 545, 1667, 620, 1642, 594, 493, 619, 492, 621, 516, 597, 488, 622, 490, 571, 1691, 596, 1616, 623, 1615, 622, 488, 623, 489, 624, 488, 652, 464, 623, 488, 624, 1615, 621, 1616, 622, 489, 623, 1617, 620, 489, 624, 488, 626, 488, 625, 488, 624, 487, 624, 489, 626, 1612, 623, 489, 622, 1615, 624, 1612, 624, 1615, 622, 1614, 574

////////////////////////////////////////////////////////
/////////////////////AMBIENT////////////////////////////
////////////////////////////////////////////////////////
9000 4500 585 525 585 1650 (Last 580) Delay 9

ON Ambient Light 
00000000111111111011000001001111
9098, 4481, 578, 546, 577, 519, 604, 520, 578, 544, 577, 519, 604, 520, 578, 546, 578, 520, 604, 1655, 579, 1655, 578, 1654, 604, 1655, 577, 1654, 578, 1656, 605, 1656, 576, 1655, 578, 1655, 604, 519, 577, 1654, 604, 1655, 578, 519, 603, 520, 576, 546, 577, 519, 603, 519, 577, 1655, 605, 519, 577, 544, 578, 1655, 578, 1655, 605, 1655, 577, 1656, 578

OFF Ambient Light
00000000111111111111100000000111

Red
00000000111111111001100001100111

Blue 
00000000111111111101100000100111

////////////////////////////////////////////////////////
/////////////////////SHARP//////////////////////////////
////////////////////////////////////////////////////////
3854 1800 574 380 574 1300 ( Last 410 ) Delay 41

OFF AC      
0,1,0,1,0,1,0,1,0,1,0,1,1,0,1,0,1,1,1,1,0,0,1,1,0,0,0,0,1,0,0,0,0,0,0,1,0,0,0,0,1,0,0,0,0,1,0,0,0,1,0,0,1,0,1,0,0,0,0,0,0,0,0,0,0,0,0,1,0,0,0,0,0,0,0,0,0,0,0,1,0,0,0,0,0,0,0,0,0,0,0,0,1,1,1,1,1,0,0,0,1,1,1,1

ON AC
0101010101011010111100110000100000010000100010000100101000000000000100,0,0,0,0,0,0,0,0,0,1,0,0,0,0,0,0,0,0,0,0,0,0,1,1,1,1,1,0,0,0,0,0,1,1

UP AC
01010101010110101111001100001000100100001000110001001010000000000001000000000001000000000000111110001111

DOWN AC
01010101010110101111001100001000000100001000110001001010000000000001000000000001000000000000111110000111


VOL UP REC MAMA

9119, 4404, 628, 478, 629, 478, 628, 477, 629, 478, 628, 480, 572, 534, 628, 478, 629, 477, 629, 477, 629, 477, 628, 479, 628, 477, 629, 1597, 655, 451, 628, 478, 630, 476, 572, 1654, 627, 1597, 628, 1597, 630, 1596, 628, 1597, 627, 478, 628, 477, 629, 476, 628, 476, 629, 478, 629, 479, 629, 477, 628, 477, 629, 1598, 630, 1596, 573, 1653, 629